32,32,64,0,0,0,6,192,12,1461
32,32,64,0,0,0,6,230,489,2145
32,32,64,0,0,0,6,195,466,965
32,32,64,0,0,0,6405,310,17,1052
32,32,64,0,0,0,6,200,463,951
32,32,64,0,0,0,6,201,476,1305
32,32,64,0,0,0,6482,318,17,1354
16,32,64,0,0,0,3093,305,19,1004
32,128,64,0,0,0,5479,306,13,1016
32,128,64,0,0,0,5520,335,13,986
32,128,64,0,0,0,5560,316,16,1088
32,128,64,0,0,0,6,201,15,1165
32,128,64,0,0,0,9,212,13,1168
32,128,64,0,0,0,8,205,19,1217
32,128,64,0,0,0,6,191,13,1120
32,32,64,0,0,786432,6,201,485,993
32,128,64,0,0,0,6,193,19,1202
32,128,64,0,0,0,6,222,18,1197
32,128,64,0,0,0,6,197,18,1338
32,128,64,0,0,0,6,212,18,993
32,128,64,0,0,3072,6,187,15,983
32,128,128,16,32,3072,6,189,17,1421
32,128,128,16,32,3072,6,191,17,1055
32,128,128,16,32,3072,6,192,126,967
32,128,128,16,32,3072,6,192,122,1180
8192,128,128,16,32,3072,1616,291,1370,2918
4096,128,128,16,32,3072,679,303,856,2649
2048,128,128,16,32,3072,337,231,536,2104
1024,128,128,16,32,3072,168,257,451,2107
